128 204 1 1000 2 196
0
60
0 21 0 11 1 1
5
355 47 11 3 3 1

348 47 11 3 3 1

191 61 11 3 3 1

14 7 11 3 0 1

14 10 11 3 0 1

56 160 1 11 1 1
9
70 289 11 3 1 1

70 278 11 3 1 1

70 271 11 3 1 1

70 264 11 3 1 1

70 261 11 3 1 1

70 238 11 3 1 1

70 233 11 3 1 1

70 228 11 3 1 1

70 217 11 3 1 1

103 60 0 11 1 1
2
117 32 11 3 0 1

117 41 11 3 0 1

153 48 1 11 1 1
9
167 197 11 3 1 1

167 194 11 3 1 1

167 175 11 3 1 1

167 166 11 3 1 1

167 149 11 3 1 1

167 142 11 3 1 1

167 111 11 3 1 1

167 108 11 3 1 1

167 105 11 3 1 1

202 3 1 11 1 1
8
77 14 11 3 2 1

338 14 11 3 3 1

329 14 11 3 3 1

314 14 11 3 3 1

305 14 11 3 3 1

162 14 11 3 2 1

173 14 11 3 2 1

216 44 11 3 1 1

258 40 1 11 1 1
13
272 191 11 3 1 1

272 188 11 3 1 1

272 183 11 3 1 1

272 180 11 3 1 1

272 159 11 3 1 1

272 148 11 3 1 1

272 145 11 3 1 1

272 134 11 3 1 1

272 131 11 3 1 1

272 120 11 3 1 1

272 109 11 3 1 1

272 100 11 3 1 1

272 89 11 3 1 1

323 0 3 11 1 1
4
391 14 11 3 3 1

382 14 11 3 3 1

375 14 11 3 3 1

364 14 11 3 3 1

353 46 2 11 1 1
3
306 60 11 3 2 1

329 60 11 3 2 1

334 60 11 3 2 1

358 180 2 11 2 1
14
10 114 11 3 2 1

20 114 11 3 2 1

29 114 11 3 2 1

32 114 11 3 2 1

37 114 11 3 2 1

41 114 11 3 2 1

50 114 11 3 2 1

364 299 11 3 1 1

364 293 11 3 1 1

364 288 11 3 1 1

335 194 11 3 2 1

341 194 11 3 2 1

344 194 11 3 2 1

347 194 11 3 2 1

392 250 2 11 2 1
1
377 264 11 3 2 1

0